57,47	5
36,50	5
26,72	2
65,11	1
83,14	1
64,11	1
6,55	2
11,10	4
60,6	1
70,62	3
71,85	3
36,30	4
7,96	2
58,6	1
78,51	1
93,22	1
13,42	4
3,16	4
97,35	1
97,81	3
94,32	1
68,90	3
7,98	2
90,59	3
98,24	1
90,85	3
6,16	4
11,86	2
64,78	3
71,98	3
82,81	3
13,78	2
86,32	1
16,77	2
92,12	1
91,43	1
50,71	5
96,91	3
29,51	5
12,92	2
40,80	2
38,91	2
93,48	1
43,39	5
29,79	2
67,27	1
88,39	1
40,41	5
98,91	3
46,21	4
11,86	2
39,99	2
56,94	3
96,0	1
100,37	1
55,43	5
59,37	5
96,44	1
68,9	1
81,47	1
29,44	5
75,96	3
38,8	4
48,69	5
44,22	4
71,47	5
39,54	5
93,7	1
47,53	5
9,99	2
54,53	5
24,96	2
71,39	1
10,41	4
11,40	4
5,16	4
14,13	4
56,26	5
66,3	1
89,75	3
90,62	3
57,13	1
22,34	4
65,76	3
31,5	4
2,13	4
62,84	3
8,91	2
43,22	4
85,67	3
29,18	4
41,12	4
24,39	4
43,20	4
45,91	2
58,33	5
86,8	1
44,100	2
58,95	3
53,85	3
