57,47	5
36,50	3
26,72	1
65,11	5
83,14	5
64,11	5
6,55	3
11,10	3
60,6	5
70,62	4
71,85	4
36,30	3
7,96	1
58,6	5
78,51	5
93,22	5
13,42	3
3,16	3
97,35	5
97,81	4
94,32	5
68,90	4
7,98	1
90,59	4
98,24	5
90,85	4
6,16	3
11,86	1
64,78	4
71,98	4
82,81	4
13,78	1
86,32	5
16,77	1
92,12	5
91,43	5
50,71	2
96,91	4
29,51	3
12,92	1
40,80	2
38,91	2
93,48	5
43,39	3
29,79	1
67,27	5
88,39	5
40,41	3
98,91	4
46,21	3
11,86	1
39,99	2
56,94	2
96,0	5
100,37	5
55,43	5
59,37	5
96,44	5
68,9	5
81,47	5
29,44	3
75,96	4
38,8	3
48,69	2
44,22	3
71,47	5
39,54	3
93,7	5
47,53	3
9,99	1
54,53	5
24,96	1
71,39	5
10,41	3
11,40	3
5,16	3
14,13	3
56,26	5
66,3	5
89,75	4
90,62	4
57,13	5
22,34	3
65,76	4
31,5	3
2,13	3
62,84	2
8,91	1
43,22	3
85,67	4
29,18	3
41,12	3
24,39	3
43,20	3
45,91	2
58,33	5
86,8	5
44,100	2
58,95	2
53,85	2
