57,47	2
36,50	2
26,72	4
65,11	2
83,14	1
64,11	2
6,55	4
11,10	2
60,6	2
70,62	3
71,85	3
36,30	2
7,96	4
58,6	2
78,51	1
93,22	1
13,42	2
3,16	2
97,35	1
97,81	3
94,32	1
68,90	3
7,98	4
90,59	1
98,24	1
90,85	3
6,16	2
11,86	4
64,78	3
71,98	3
82,81	3
13,78	4
86,32	1
16,77	4
92,12	1
91,43	1
50,71	3
96,91	3
29,51	2
12,92	4
40,80	3
38,91	3
93,48	1
43,39	2
29,79	4
67,27	1
88,39	1
40,41	2
98,91	3
46,21	2
11,86	4
39,99	3
56,94	3
96,0	1
100,37	1
55,43	2
59,37	2
96,44	1
68,9	2
81,47	1
29,44	2
75,96	3
38,8	2
48,69	3
44,22	2
71,47	1
39,54	2
93,7	1
47,53	2
9,99	4
54,53	2
24,96	4
71,39	1
10,41	2
11,40	2
5,16	2
14,13	2
56,26	2
66,3	2
89,75	3
90,62	1
57,13	2
22,34	2
65,76	3
31,5	2
2,13	2
62,84	3
8,91	4
43,22	2
85,67	1
29,18	2
41,12	2
24,39	2
43,20	2
45,91	3
58,33	2
86,8	1
44,100	3
58,95	3
53,85	3
